41,3
41,2
41,1
41,0
40,10
40,9
40,8
40,7
40,5
40,4
40,3
40,2
40,1
40,0
39,5
39,4
39,3
39,2
39,1
39,0
38,3
38,2
38,1
38,0
37,3
37,2
37,1
37,0
36,3
36,2
36,1
36,0
35,3
35,2
35,1
35,0
34,3
34,2
34,1
34,0
33,3
33,2
33,1
33,0
32,3
32,2
32,1
32,0
31,57
31,56
31,55
31,54
31,53
31,52
31,51
31,50
31,49
31,48
31,46
31,45
31,44
31,43
31,42
31,41
31,40
31,39
31,38
31,37
31,36
31,35
31,34
31,33
31,32
31,31
31,30
31,29
31,28
31,27
31,26
31,25
31,24
31,23
31,22
31,21
31,20
31,19
31,18
31,17
31,16
31,15
31,14
31,13
31,12
31,11
31,10
31,9
31,8
31,7
31,6
31,5
31,4
31,3
31,2
31,1
31,0
30,3
30,2
30,1
30,0
29,31
29,30
29,29
29,28
29,27
29,26
29,24
29,23
29,22
29,21
29,20
29,19
29,18
29,17
29,16
29,15
29,14
29,13
29,12
29,11
29,10
29,9
29,8
29,7
29,6
29,5
29,4
29,3
29,2
29,1
29,0
28,30
28,29
28,28
28,27
28,26
28,25
28,24
28,23
28,22
28,21
28,20
28,19
28,18
28,17
28,16
28,15
28,14
28,13
28,12
28,11
28,10
28,9
28,8
28,7
28,6
28,5
28,4
28,3
28,2
28,1
28,0
27,10
27,8
27,7
27,6
27,5
27,4
27,3
27,2
27,1
27,0
26,3
26,2
26,1
26,0
25,3
25,2
25,1
25,0
24,3
24,2
24,1
24,0
23,3
23,2
23,1
23,0
22,3
22,2
22,1
22,0
21,5
21,4
21,3
21,2
21,1
21,0
20,5
20,4
20,3
20,2
20,1
20,0
19,3
19,2
19,1
19,0
18,7
18,6
18,5
18,4
18,3
18,2
18,1
18,0
17,4
17,3
17,2
17,1
17,0
16,6
16,5
16,4
16,3
16,2
16,1
16,0
15,3
15,2
15,1
15,0
14,5
14,4
14,3
14,2
14,1
14,0
13,4
13,3
13,2
13,1
13,0
12,3
12,2
12,1
12,0
11,5
11,4
11,3
11,2
11,1
11,0
10,3
10,2
10,1
10,0
9,5
9,4
9,3
9,2
9,1
9,0
8,4
42,0
42,1
42,3
42,4
42,6
42,7
43,1
43,2
43,4
44,0
44,2
44,4
45,0
45,2
45,3
45,5
46,0
46,2
47,0
47,2
47,3
48,0
48,2
48,3
49,0
49,2
49,3
49,5
49,7
49,8
49,10
49,11
49,13
50,0
50,1
50,3
51,1
51,2
52,1
52,2
52,4
52,5
53,0
53,2
53,3
54,0
54,1
54,3
55,0
55,1
55,3
55,4
56,0
56,2
57,0
57,2
57,3
57,5
58,1
58,2
58,4
58,5
58,7
59,0
59,2
59,4
59,5
60,0
60,2
61,0
61,2
61,3
62,0
62,1
62,3
62,5
62,6
63,0
63,2
63,4
63,5
63,7
63,8
64,0
64,2
64,3
65,0
65,2
65,3
65,5
65,8
65,10
65,11
66,2
67,1
67,3
67,4
67,6
67,7
68,2
68,3
69,1
69,2
70,2
7,3
70,3
71,1
71,3
0,48
0,46
0,47
0,6
0,49
0,45
71,2
70,4
70,1
69,3
68,1
67,8
67,5
67,2
66,3
66,1
65,9
65,6
65,4
65,1
64,4
64,1
63,6
63,3
63,1
62,7
62,4
62,2
61,1
60,3
60,1
59,6
59,3
59,1
58,3
58,0
57,4
57,1
56,3
56,1
55,5
55,2
54,2
53,1
52,3
52,0
51,3
51,0
50,2
49,12
49,9
49,6
49,4
49,1
48,4
48,1
47,1
46,3
46,1
45,4
45,1
44,3
44,1
43,3
43,0
42,8
42,5
42,2
8,3
8,2
8,1
8,0
5,8
5,7
5,6
5,5
5,4
5,3
5,2
5,0
4,3
3,44
3,43
3,42
3,41
3,40
3,39
3,38
3,37
3,36
3,35
3,34
3,33
3,32
3,31
3,30
3,29
3,28
3,27
3,26
3,25
3,24
3,23
3,22
3,21
3,20
3,19
3,18
3,17
3,16
3,15
3,14
3,13
3,12
3,11
3,10
3,9
3,8
3,7
3,6
3,5
3,4
3,3
3,2
3,0
2,44
2,43
2,42
2,41
2,40
2,39
2,38
2,37
2,36
2,35
2,34
2,33
2,32
2,31
2,30
2,29
2,28
2,27
2,26
2,25
2,24
2,23
2,22
2,21
2,20
2,19
2,18
2,17
2,16
2,15
2,14
2,13
2,12
2,11
2,10
2,9
2,8
2,7
2,6
2,5
2,4
2,3
2,2
2,0
1,45
1,44
1,43
1,42
1,41
1,40
1,39
1,38
1,37
1,36
1,35
1,34
1,33
1,32
1,31
1,30
1,29
1,28
1,27
1,26
1,25
1,24
1,23
1,22
1,21
1,20
1,19
1,18
1,17
1,16
1,15
1,14
1,13
1,12
1,11
1,10
1,9
1,8
1,7
1,6
1,5
1,4
1,3
1,2
1,0
0,52
0,51
0,50
0,12
0,11
0,10
0,9
0,8
0,2
0,0
0,5
0,7
0,4
0,3
71,0
70,0
69,0
68,0
67,0
66,0
